AID Class FRENCH GERMAN LATIN SPANISH BOOK COMPUTER DEBATE DRAMA FUTURE HISTORY MATH SCIENCE BAND CHEER CHORUS ORCHESTRA OTHER BASE BASKETBALL FIELD FOOTBALL ICE SOCCER SWIMMING TENNIS TRACK VOLLEYBALL WRESTLING OTHER NEWSPAPER HONOR STUDENT YEARBOOK AH_PVT REACH3 age grade male PovertyPct CollegePct ReligiousPct MedianIncome w1drinkfrq w1drinkfive w1drunk w2drinkfrq w2drinkfive w2drunk w2anyalc w2alcoutsidefam pardrinkfrq pardrinkfive religionimp tobacco cycling sports hangout w1anyalc w1alcoutsidefam w1numdrinks w2numdrinks w1alcprobfrnd w2alcprobfrnd hourstv troublefocus momwarm momcommunicate dadwarm dadcommunicate familyunderstnd closetomom closetodad momdiscethic familyfun momtalk momdiscprob momargue momshop momsport mommovie gotochurch close_school part_school happy_school frndactiv gpa schoolfit white black hispanic centrality localdensity prestige w1psych w2psych w1alctrt w2alctrt clubs cesd
91715930 126 0 0 0 0 0 0 0 0 0 0 0 0 0 0 0 0 0 0 1 0 0 0 0 0 0 0 0 0 0 0 0 0 0 105 35 14 8 1 0.320574163 0.095049505 0.555 22000 1 0 0 4 2 5 1 1 1 1 1 0 0 2 3 1 0 1 23 0 0 28 1 1 1 3 4 4 5 4 2 2 0 0 0 1 0 0 1 1 2 3 7 2.5 2 0 0 0 1.629834207 0.402777778 99 0 0 0 0 1 0.368421053
91715933 126 0 0 0 0 0 0 0 0 0 0 0 0 0 0 0 0 0 1 1 0 1 0 1 1 0 0 0 0 1 0 0 0 0 119 35 14 8 1 0.216836735 0.240760296 0.555 20332 0 0 0 0 0 0 1 0 2 1 1 0 1 3 1 0 0 0 0 0 0 35 1 3 3 1 1 4 3 5 3 5 0 0 0 0 0 0 1 2 2 3 8 2.5 2.333333333 0 1 0 1.580234491 0.319444444 0.239588518 0 0 0 0 6 0.157894737
91715934 126 0 0 0 0 0 0 0 0 0 1 0 1 0 0 0 0 0 0 1 0 0 0 0 0 0 0 0 0 0 1 0 0 1 97 32 15 8 1 0.090981 0.331578947 0.555 33779.15 0 0 0 0 0 0 1 0 1 1 1 0 0 2 2 1 1 0 0 0 0 5 1 1 2 1 2 3 4 4 2 5 1 0 0 1 0 0 1 1 1 2 10 2.25 1.333333333 1 0 0 1.18722082 0.25 99 0 0 0 0 5 0.263157895
91715935 126 1 0 0 0 0 0 0 0 0 0 0 0 0 0 0 0 0 0 1 0 0 0 0 0 0 0 0 0 0 0 0 0 0 121 28 14 8 1 0.021857924 0.159776536 0.555 30183 0 0 0 0 0 0 0 0 2 2 1 0 0 0 2 0 0 0 0 0 0 25 0 1 1 1 1 5 5 5 1 4 0 0 0 0 0 0 1 2 1 2 4 1.25 1.666666667 1 0 0 0.68577023 0.4 0.186515112 0 0 0 0 2 0.157894737
91715936 126 99 99 99 99 99 99 99 99 99 99 99 99 99 99 99 99 99 99 99 99 99 99 99 99 99 99 99 99 99 99 99 99 99 92 99 13 7 1 0 0.35399449 0.555 36538 1 0 0 0 0 0 1 0 2 1 1 1 3 1 2 1 1 1 0 0 0 19 1 1 1 3 3 3 5 3 2 5 1 1 0 1 0 0 1 2 1 3 10 2.5 2 0 0 1 99 99 99 0 0 0 0 99 0.789473684
91715938 126 0 0 0 0 0 0 0 0 0 0 0 0 0 0 0 0 0 0 0 0 0 0 0 0 0 0 0 0 0 0 0 0 0 92 29 15 8 1 0.216836735 0.240760296 0.555 20332 0 0 0 0 0 0 1 1 1 1 2 1 0 3 3 0 0 0 0 0 0 28 3 1 2 2 2 4 5 4 2 4 0 1 1 0 0 0 2 2 2 2 10 2 2 1 0 1 1.955969272 0.391025641 0.291776116 0 0 0 0 0 0.684210526
91715939 126 0 0 0 1 1 0 0 0 0 0 1 0 0 1 1 0 0 0 0 0 1 0 0 0 0 1 0 0 0 0 0 0 0 87 32 15 7 0 0.090981 0.331578947 0.555 33779.15 0 0 0 0 0 0 0 0 1 1 1 0 0 1 2 0 0 0 0 0 0 5 2 2 3 2 2 3 5 5 3 3 0 0 1 1 0 0 1 3 4 2 8 3.5 3 1 0 0 0.843961157 0.333333333 0.040816327 0 0 0 0 7 1
91785938 126 99 99 99 99 99 99 99 99 99 99 99 99 99 99 99 99 99 99 99 99 99 99 99 99 99 99 99 99 99 99 99 99 99 98 99 13 7 1 0.090981 0 0.555 33779.15 6 0 0 0 0 0 1 0 3 2 1 1 1 0 1 1 0 98 0 0 0 10 0 2 1 2 2 4 4 4 1 4 0 0 1 0 0 0 1 3 2 5 5 3.25 3.333333333 0 0 1 99 99 99 0 0 0 0 99 0.210526316
92715930 126 0 0 0 0 0 0 0 0 0 0 0 0 0 0 0 0 0 1 0 0 0 1 0 0 0 0 0 0 0 0 0 0 0 94 2 13 7 1 0.047619048 0.253757737 0.555 26221 0 0 0 0 0 0 0 0 1 1 2 0 0 2 1 0 0 0 0 0 0 5 0 2 2 2 2 4 5 5 2 4 0 0 0 0 0 0 1 3 3 2 6 1 2.666666667 0 0 0 0.202904833 0.5 99 0 0 0 0 2 0.421052632
92715931 126 0 0 0 1 0 0 0 0 0 0 1 0 0 0 1 0 1 0 1 0 0 0 0 0 0 0 0 0 0 1 1 1 1 96 31 13 8 0 0.034334764 0.482364156 0.555 46714 0 0 0 1 0 0 1 1 2 1 1 0 0 2 3 0 0 0 1 0 0 20 0 1 1 1 1 5 5 5 1 4 1 0 1 1 0 0 1 1 1 1 9 1 1 1 0 0 1.468800593 0.327272727 0.223252938 0 0 0 0 9 0.263157895
92715932 126 99 99 99 99 99 99 99 99 99 99 99 99 99 99 99 99 99 99 99 99 99 99 99 99 99 99 99 99 99 99 99 99 99 90 99 15 8 0 0 0.273381295 0.555 23777 1 3 0 0 0 0 1 0 1 1 1 1 0 1 2 1 1 2 0 0 0 5 1 1 2 1 2 3 5 5 2 4 1 0 0 1 0 0 1 1 2 2 4 2.75 1.666666667 1 0 0 99 99 99 0 0 0 0 99 1.105263158
92715933 126 0 0 0 1 0 0 0 1 0 0 0 0 0 1 0 0 0 0 1 0 0 0 0 1 0 0 1 0 0 1 0 1 1 82 19 14 8 0 0.822222222 0 0.555 5974 0 0 0 0 0 0 0 0 1 1 1 0 0 1 2 0 0 0 0 0 0 20 0 1 2 3 3 4 5 3 3 4 0 1 0 1 0 1 1 2 2 2 7 2.25 2 0 1 1 0.573016777 0.833333333 0.243548659 0 0 0 0 9 0.473684211
92715934 126 0 0 0 1 0 0 0 0 0 0 1 0 1 0 0 1 0 0 0 0 0 0 0 0 0 0 0 0 1 1 1 0 0 122 1 13 7 0 0.028806584 0.271153846 0.571 26500 0 0 0 0 0 0 0 0 1 1 3 0 0 0 2 0 0 0 0 0 0 35 2 2 4 3 3 2 4 3 1 2 1 0 1 1 0 1 1 2 2 2 4 1 2 1 0 0 0.096621349 0.35 0.226575302 0 0 0 0 7 0.894736842
92715935 126 0 0 0 1 0 0 0 0 0 0 1 0 0 0 0 0 0 0 1 0 0 0 0 0 0 0 0 0 0 0 0 0 0 103 32 12 7 0 0.021857924 0.159776536 0.555 30183 0 0 0 0 0 0 0 0 2 3 1 0 0 1 3 0 0 0 0 0 0 12 0 1 2 1 1 4 5 5 1 3 0 0 0 1 0 0 1 3 3 4 9 1 3.333333333 1 0 0 1.14272265 0.517857143 0.258503401 0 0 0 0 3 0.263157895
92715936 126 0 0 0 0 0 0 0 0 0 0 0 0 0 0 0 0 0 0 0 0 0 0 0 1 0 0 0 0 0 0 0 0 0 78 16 14 9 1 0 0.331114809 0.555 29471 0 0 0 0 0 0 0 0 1 1 2 0 0 0 0 0 0 0 0 0 0 4 0 1 1 1 2 4 5 5 1 5 0 0 1 1 0 1 1 2 3 1 4 1.75 2 0 0 0 0.289894606 0.25 0.187703107 0 0 0 0 1 0.947368421
92715939 126 0 0 0 0 0 0 0 0 0 0 0 0 0 1 0 0 0 0 0 0 0 0 0 0 0 0 0 0 0 0 0 0 1 94 27 13 8 0 0 0.126262626 0.555 33779.15 0 0 0 2 1 0 1 1 1 1 1 1 1 1 2 0 0 0 4 0 0 7 2 2 3 3 3 4 5 3 2 3 0 0 1 1 0 0 1 1 1 2 7 2.25 1.333333333 1 0 1 0.980826222 0.279166667 0.382719322 0 0 0 0 2 0.52631579
93715930 126 0 0 0 0 0 0 0 0 0 0 0 0 0 0 0 0 0 0 1 0 1 0 1 0 0 1 1 0 0 0 0 0 0 87 32 14 8 1 0.321637427 0.065168539 0.555 14402 1 0 0 1 1 1 1 0 1 1 1 0 2 3 2 1 1 3 2 0 0 30 1 1 1 2 2 5 5 4 1 3 0 0 0 1 0 1 3 1 2 1 12 3 1.333333333 0 0 0 1.696786286 0.340909091 0.310204082 0 0 0 0 5 0.631578947
93715931 126 0 0 0 0 0 0 0 0 0 0 0 0 0 0 0 0 0 0 1 0 1 0 0 1 0 0 0 0 1 0 0 0 0 83 18 13 8 1 0.43236715 0.080717489 0.555 14167 0 0 0 2 1 0 1 1 1 1 1 1 0 3 2 1 1 0 2 0 0 18 1 1 1 3 3 4 5 3 1 5 1 1 0 0 0 0 1 2 1 2 8 2.75 1.666666667 0 1 0 0.224352566 0.25 0.334879406 0 0 0 0 4 0.210526316
93715932 126 0 0 0 1 0 0 0 0 0 0 0 0 0 0 0 0 1 1 0 0 0 0 0 0 0 0 0 0 1 0 0 0 0 90 34 13 7 0 0.021857924 0.159776536 0.555 30183 0 0 0 0 0 0 1 0 2 1 1 0 0 1 3 0 0 0 0 0 0 20 1 1 2 1 2 5 5 5 2 4 0 0 0 1 0 0 1 2 2 4 5 1.75 2.666666667 1 0 0 1.399417997 0.355555556 0.280660836 0 0 0 0 4 0.421052632
93715933 126 99 99 99 99 99 99 99 99 99 99 99 99 99 99 99 99 99 99 99 99 99 99 99 99 99 99 99 99 99 99 99 99 99 101 99 13 7 0 0.116504854 0.058943089 0.555 19290 0 0 0 1 0 0 1 1 4 5 2 0 1 0 0 0 0 0 1 0 0 10 1 2 1 3 3 3 5 3 2 5 0 0 0 1 0 1 4 2 1 1 3 1.75 1.333333333 1 0 0 99 99 99 0 0 0 0 99 0.263157895
93715934 126 0 0 0 1 0 0 0 0 0 0 1 0 0 0 0 0 0 1 1 0 1 0 0 1 0 0 1 0 1 0 0 0 0 95 35 14 8 1 0.062015504 0.24248927 0.555 31597 0 0 0 99 99 99 99 99 1 1 3 1 3 3 3 0 0 0 99 0 99 35 1 1 1 1 1 5 5 5 1 5 0 0 0 1 1 1 3 2 1 2 13 2.5 1.666666667 1 0 0 1.624247439 0.262820513 0.350826045 1 99 0 99 8 0.263157895
93715935 126 0 0 0 1 0 0 0 0 0 0 0 0 0 0 0 0 0 0 0 0 0 0 0 0 0 0 0 0 0 0 0 0 0 93 1 13 7 1 0.090981 0.102739726 0.555 33779.15 0 0 0 0 0 0 0 0 4 4 1 1 0 2 1 0 0 0 0 0 0 10 0 3 3 2 2 5 3 5 3 4 0 0 0 0 0 0 3 1 2 3 6 3.25 2 1 0 1 0.096621349 0.5 0.020408163 0 0 0 0 1 0.210526316
93715938 126 0 0 0 0 0 0 0 0 0 0 0 0 0 1 0 0 0 0 0 0 0 0 0 0 0 0 1 0 0 1 0 1 0 87 14 14 8 0 0.216836735 0.240760296 0.555 20332 1 0 0 0 0 0 1 0 1 1 1 1 1 0 2 1 0 1 0 0 0 7 2 1 1 4 3 3 5 4 2 2 1 0 1 1 0 0 1 2 2 2 8 2.5 2 0 0 1 0.194703971 0.4 0.359382778 0 1 0 0 4 1.894736842
93715939 126 0 0 0 0 0 0 0 0 0 0 0 0 0 0 0 0 0 1 1 0 1 0 0 0 0 0 0 0 1 0 0 1 0 104 1 13 7 1 0.062015504 0.24248927 0.555 31597 4 3 5 99 99 99 99 99 2 1 1 1 3 3 3 1 1 12 99 3 99 21 1 1 1 1 2 4 5 5 1 4 0 0 0 1 0 0 1 2 1 2 14 1.5 1.666666667 1 0 0 0.096621349 0.274725275 0.398208064 0 99 0 99 5 0.368421053
95715930 126 0 0 0 1 0 0 0 0 0 0 1 0 0 1 0 0 0 0 0 0 0 0 0 0 0 0 0 0 0 0 0 0 0 94 32 13 7 0 0.021857924 0.159776536 0.555 30183 0 0 0 0 0 0 0 0 2 1 1 1 0 1 3 0 0 0 0 0 0 35 1 1 2 3 3 4 5 3 2 3 1 1 1 0 0 1 1 2 2 3 7 2.25 2.333333333 0 1 0 1.182902354 0.305555556 0.34669868 0 1 0 0 3 0.52631579
95715931 126 99 99 99 99 99 99 99 99 99 99 99 99 99 99 99 99 99 99 99 99 99 99 99 99 99 99 99 99 99 99 99 99 99 94 99 14 7 1 0.047619048 0.253757737 0.555 26221 0 0 0 0 0 0 0 0 1 1 1 0 0 2 2 0 0 0 0 0 0 25 1 1 1 3 3 4 5 3 1 5 0 0 0 0 0 0 1 2 1 1 7 2.75 1.333333333 1 0 0 99 99 99 0 0 0 0 99 0.315789474
95715932 126 0 0 0 1 0 0 0 0 0 0 0 0 1 0 0 0 1 1 0 0 1 0 0 0 0 1 0 0 0 1 0 1 1 108 27 13 8 1 0.021857924 0.159776536 0.555 30183 0 0 0 0 0 0 0 0 1 1 1 0 1 3 1 0 0 0 0 0 0 34 1 2 2 2 2 3 5 5 3 5 0 0 0 0 0 1 1 3 4 5 10 1.75 4 1 0 0 0.698748252 0.35 0.151125065 0 0 0 0 9 0.368421053
95715933 126 0 0 0 0 0 0 0 0 0 0 0 0 0 0 0 0 1 0 0 0 0 0 0 0 0 0 0 0 0 0 0 0 1 107 28 14 8 1 0 0.1003861 0.555 33779.15 1 1 1 1 0 0 1 1 3 2 1 1 0 1 3 1 1 8 5 0 0 10 1 1 1 3 3 4 5 3 2 4 1 1 1 1 0 1 1 2 2 1 7 1.25 1.666666667 0 1 1 1.277312165 0.371794872 0.334879406 0 0 0 0 2 1.052631579
95715934 126 0 0 0 0 0 0 0 0 0 0 0 0 0 0 0 0 0 0 1 0 0 0 0 0 0 0 0 0 0 0 0 0 0 103 33 14 8 1 0.321637427 0.065168539 0.555 14402 0 0 0 99 99 99 99 99 1 1 2 0 0 3 0 0 0 0 99 0 99 7 0 1 1 1 1 5 5 5 2 5 0 0 0 1 0 0 2 2 2 1 5 2 1.666666667 0 0 0 1.478466485 0.523809524 0.272864701 0 99 0 99 1 0
95715935 126 0 0 0 1 0 0 0 0 0 0 0 0 0 0 0 0 1 0 1 0 0 0 0 0 0 0 0 0 0 1 0 0 0 94 31 13 8 0 0.021857924 0.159776536 0.555 30183 0 0 0 0 0 0 0 0 3 1 2 0 0 3 3 0 0 0 0 0 0 35 0 2 2 1 1 4 5 5 2 4 1 0 0 1 0 0 2 2 2 2 9 2.25 2 1 0 0 1.159689562 0.452380952 0.256255546 0 0 0 0 4 0.473684211
95715936 126 0 0 0 0 0 0 0 0 0 0 0 0 0 0 0 0 0 0 1 0 1 0 1 0 0 1 1 0 0 1 0 0 0 104 33 14 8 1 0.494791667 0 0.555 15214 0 0 0 2 2 2 1 1 3 2 1 1 2 2 3 0 0 0 10 0 0 15 1 1 2 3 3 2 5 3 1 4 0 1 1 0 1 0 2 1 1 4 11 2.75 2 0 0 1 1.452242517 0.33974359 0.338728595 1 0 0 0 6 0.473684211
95715937 126 99 99 99 99 99 99 99 99 99 99 99 99 99 99 99 99 99 99 99 99 99 99 99 99 99 99 99 99 99 99 99 99 99 124 99 14 8 0 0.051813472 0.516339869 0.555 64290 0 0 0 0 0 0 0 0 1 1 1 0 0 3 2 0 0 0 0 0 0 9 2 1 2 1 2 4 5 5 2 5 0 1 0 0 1 0 1 1 1 1 10 1 1 1 0 0 99 99 99 0 0 0 0 99 0.368421053
95715938 126 0 0 0 0 0 0 0 0 0 0 0 0 0 0 0 0 0 0 0 0 1 0 0 0 0 0 0 0 0 0 0 0 0 82 0 14 7 1 0.145695364 0.142480211 0.555 29097 0 0 0 0 0 0 0 0 1 1 2 0 0 1 2 0 0 0 0 0 0 20 1 2 2 3 3 5 5 3 2 3 0 0 0 0 0 1 1 2 1 1 4 2 1.333333333 0 1 0 0 0.333333333 0.220628792 0 0 0 0 1 0.473684211
95715939 126 0 0 0 0 0 0 0 0 0 0 1 0 1 0 0 0 0 1 0 0 0 0 0 0 0 0 0 0 0 0 0 0 0 126 25 13 7 0 0.021857924 0.159776536 0.555 30183 0 0 0 0 0 0 0 0 3 1 1 1 1 2 1 0 0 0 0 0 0 3 0 1 3 2 3 3 5 5 1 4 1 1 1 1 0 1 1 3 2 3 7 1.5 2.666666667 1 0 0 0.889865773 0.285714286 0.216686675 1 1 0 0 3 0.894736842
96715931 126 0 0 0 1 0 1 0 0 0 0 0 0 0 0 0 0 0 0 0 0 0 0 0 0 0 0 0 0 0 0 0 0 0 91 0 13 7 1 0 0.273381295 0.555 23777 0 0 0 0 0 0 0 0 1 1 1 1 1 3 3 0 0 0 0 0 0 13 0 1 1 1 1 3 5 5 1 5 1 1 1 0 0 1 2 5 5 3 12 2 4.333333333 1 0 0 0 99 99 0 0 0 0 2 0.789473684
96715932 126 0 0 0 1 0 0 0 0 0 0 0 0 0 0 0 0 0 0 1 0 0 0 1 0 0 0 0 0 0 0 0 0 0 101 14 13 7 1 0.074561404 0.157667387 0.591 32460 0 0 0 1 0 0 1 1 2 1 2 0 3 3 0 0 0 0 3 0 0 20 1 1 1 3 3 5 5 3 1 2 0 1 0 1 0 0 2 2 2 4 9 1.75 2.666666667 1 0 1 0.336125526 0.333333333 99 0 1 0 0 3 0.736842105
96715933 126 0 0 0 0 0 0 0 0 0 0 1 0 0 0 0 0 0 0 0 0 0 0 0 0 0 0 0 0 0 0 1 0 0 86 0 14 7 0 0.494791667 0 0.555 15214 0 0 0 99 99 99 99 99 1 1 1 0 1 2 3 0 0 0 99 0 99 40 2 1 2 3 3 2 5 3 1 3 1 1 1 1 0 1 1 2 1 4 7 2.25 2.333333333 1 0 0 0 0.25 0.320008416 0 99 0 99 2 0.789473684
96715934 126 0 0 0 1 0 0 0 0 0 0 1 0 1 0 0 0 0 1 0 0 1 0 1 0 0 0 0 0 1 1 0 0 0 84 25 14 7 1 0 0.128272251 0.555 24531 0 0 0 0 0 0 0 0 2 1 1 0 3 2 3 0 0 0 0 0 0 10 0 1 1 1 1 5 5 5 1 5 1 1 1 1 0 1 1 2 1 2 12 3 1.666666667 0 0 1 0.365993438 0.2 0.258503401 0 0 0 0 8 0.210526316
96715936 126 0 0 0 1 0 0 0 0 0 0 1 0 0 0 0 0 0 0 1 0 0 0 0 0 0 0 0 0 0 0 0 0 0 94 34 13 7 0 0.231527094 0.146953405 0.555 20078 0 0 0 0 0 0 0 0 6 1 2 0 1 1 2 0 0 0 0 0 0 24 0 1 1 2 2 3 5 5 1 4 0 0 0 1 1 1 2 3 2 3 7 1.5 2.666666667 0 1 0 1.29404894 0.322222222 0.26548998 0 0 0 0 3 0.052631579
96715938 126 0 0 0 1 0 0 0 0 0 0 0 0 0 0 0 0 0 1 1 0 1 0 0 0 0 0 0 0 0 0 0 1 0 129 22 13 9 1 0.062015504 0.24248927 0.555 31597 0 0 0 0 0 0 0 0 4 1 1 0 1 2 3 0 0 0 0 0 0 15 0 1 1 3 3 5 5 3 1 5 0 1 0 1 1 1 1 1 1 1 11 1 1 1 0 0 0.713865591 0.266666667 0.260791042 0 0 0 0 5 0.105263158
96715939 126 99 99 99 99 99 99 99 99 99 99 99 99 99 99 99 99 99 99 99 99 99 99 99 99 99 99 99 99 99 99 99 99 99 82 99 14 7 1 0.265306122 0.3 0.555 20000 0 0 0 99 99 99 99 99 1 1 1 0 2 3 2 0 0 0 99 0 99 5 2 1 1 2 1 1 5 5 1 2 1 1 0 1 0 0 1 2 1 2 8 3 1.666666667 0 0 1 99 99 99 0 99 0 99 99 0.947368421
99715931 126 0 0 0 1 0 0 0 1 0 0 0 0 0 0 0 0 1 0 0 0 1 0 0 0 0 1 0 0 0 0 0 0 1 106 32 13 8 1 0.021857924 0.159776536 0.555 30183 0 0 0 1 0 0 1 0 1 1 1 1 0 2 1 0 0 0 1 0 0 30 2 1 1 3 3 5 5 3 1 5 1 0 0 1 0 1 1 1 1 2 7 1.75 1.333333333 1 0 0 1.041733816 0.307692308 0.382719322 0 1 0 0 6 0.473684211
99715932 126 0 0 0 1 0 0 0 0 0 0 0 0 0 0 0 0 1 0 1 0 0 0 0 0 0 1 0 0 0 1 0 1 1 85 33 13 7 0 0.062015504 0.24248927 0.555 31597 0 0 0 2 0 1 1 0 1 1 2 0 0 2 2 0 0 0 3 0 1 7 0 1 3 2 3 4 5 5 1 5 0 1 0 1 0 0 1 1 1 2 7 1.5 1.333333333 1 0 1 1.544664589 0.381818182 0.306972789 0 1 0 0 7 0.157894737
99715933 126 99 99 99 99 99 99 99 99 99 99 99 99 99 99 99 99 99 99 99 99 99 99 99 99 99 99 99 99 99 99 99 99 99 95 99 14 8 0 0 0.516551193 0.555 46776 0 0 0 1 0 1 1 0 2 1 1 0 1 1 2 0 0 0 2 0 0 3 1 3 2 1 1 3 5 4 2 4 1 0 0 1 0 0 1 1 1 1 5 1 1 1 0 0 99 99 99 0 0 0 0 99 0.473684211
99715934 126 0 0 0 1 0 0 0 0 0 0 1 0 0 0 0 0 0 0 1 0 0 0 0 0 0 1 0 0 0 0 0 0 0 102 29 13 7 0 0.021857924 0.159776536 0.555 30183 0 0 0 0 0 0 0 0 1 1 1 0 1 2 3 0 0 0 0 0 0 21 0 1 1 1 1 4 5 5 1 5 1 1 1 1 1 1 2 1 1 1 11 1.75 1 1 0 0 0.890912498 0.357142857 0.216686675 0 0 0 0 4 0.210526316
99715935 126 0 0 0 0 0 0 0 0 0 0 0 0 0 1 0 0 0 0 0 0 0 0 0 0 0 1 0 0 0 0 0 0 0 105 30 14 8 0 0.082568807 0.064638783 0.555 33779.15 1 1 1 0 0 0 1 0 2 1 1 1 0 1 3 1 1 2 0 1 0 35 1 4 4 2 2 3 4 4 2 2 0 0 1 1 0 1 1 2 4 4 7 3 3.333333333 0 0 1 1.06391307 0.366666667 0.331116716 1 0 0 0 2 0.578947368
99715936 126 0 0 0 1 0 0 0 0 0 0 0 0 0 0 1 0 1 0 1 0 0 0 0 0 0 0 0 0 0 1 0 0 1 118 0 13 8 0 0 0.35399449 0.555 36538 0 0 0 5 0 0 1 1 2 1 1 0 0 0 3 0 0 0 4 0 0 21 1 1 1 3 3 5 5 3 1 5 0 1 0 1 0 0 1 2 1 1 7 2.75 1.333333333 1 0 0 0 0.583333333 0.229931973 0 0 0 0 6 0.210526316
99715937 126 0 0 0 1 1 1 0 0 0 0 0 0 0 1 0 0 0 0 0 0 0 0 0 1 1 0 0 0 0 0 0 0 1 82 34 12 7 0 0.43236715 0.080717489 0.555 14167 0 0 0 0 0 0 0 0 1 1 2 1 0 1 2 0 0 0 0 0 0 24 1 1 1 3 3 4 5 3 2 5 0 0 0 1 1 0 1 3 2 3 6 2.5 2.666666667 0 0 1 1.698329117 0.327272727 0.316875137 0 0 0 0 7 0.789473684
99715938 126 1 1 1 1 1 1 1 1 1 1 1 1 1 1 1 1 1 1 1 1 1 1 1 1 1 1 1 1 1 1 1 1 1 129 0 13 7 1 0.021857924 0.159776536 0.555 30183 6 6 6 6 6 6 1 1 2 1 1 1 3 3 3 1 1 99 54 4 0 30 0 1 2 1 1 5 5 5 2 5 1 1 0 1 0 1 1 1 1 1 15 1 1 1 0 0 0 0.258241758 0.403601441 0 0 0 0 33 0.105263158
99715939 126 0 0 0 0 0 0 0 0 0 0 1 0 0 0 0 0 0 0 0 0 0 0 0 0 0 0 1 0 0 0 0 0 0 91 30 13 7 0 0.299516908 0.081967213 0.555 18311 0 0 0 0 0 0 0 0 2 2 1 0 0 0 2 0 0 0 0 0 0 9 1 2 1 2 2 4 5 5 2 5 0 0 0 1 0 1 1 2 1 1 4 1.75 1.333333333 0 1 0 1.654477554 0.325757576 0.331116716 0 0 0 0 2 0.52631579
