DL
NR=42, NC=85
FORMAT = FULLMATRIX DIAGONAL PRESENT
COLUMN LABELS:
"ID"
"Class"
"FRENCH"
"GERMAN"
"LATIN"
"SPANISH"
"BOOK"
"COMPUTER"
"DEBATE"
"DRAMA"
"FUTURE"
"HISTORY"
"MATH"
"SCIENCE"
"BAND"
"CHEER"
"CHORUS"
"ORCHESTRA"
"OTHER"
"BASE"
"BASKETBALL"
"FIELD"
"FOOTBALL"
"ICE"
"SOCCER"
"SWIMMING"
"TENNIS"
"TRACK"
"VOLLEYBALL"
"WRESTLING"
"OTHER"
"NEWSPAPER"
"HONOR"
"STUDENT"
"YEARBOOK"
"AH_PVT"
"age"
"grade"
"male"
"PovertyPct"
"CollegePct"
"ReligiousPct"
"MedianIncome"
"w1drinkfrq"
"w1drinkfive"
"w1drunk"
"pardrinkfrq"
"pardrinkfive"
"religionimp"
"tobacco"
"cycling"
"sports"
"hangout"
"w1anyalc"
"w1alcoutsidefam"
"w1numdrinks"
"w1alcprobfrnd"
"hourstv"
"troublefocus"
"momwarm"
"momcommunicate"
"dadwarm"
"dadcommunicate"
"familyunderstnd"
"closetomom"
"closetodad"
"momdiscethic"
"familyfun"
"momtalk"
"momdiscprob"
"momargue"
"momshop"
"momsport"
"mommovie"
"gotochurch"
"close_school"
"part_school"
"happy_school"
"frndactiv"
"gpa"
"schoolfit"
"white"
"black"
"hispanic"
"clubs"
DATA:
1 126 0 0 0 0 0 0 0 0 0 0 0 0 0 0 0 0 0 1 1 0 1 0 1 1 0 0 0 0 1 0 0 0 0 119 14 8 1 0.216836735 0.240760296 0.555 20332 0 0 0 2 1 1 0 1 3 1 0 0 0 0 35 1 3 3 1 1 4 3 5 3 5 0 0 0 0 0 0 1 2 2 3 8 2.5 2.33 0 1 0 6
2 126 0 0 0 0 0 0 0 0 0 1 0 1 0 0 0 0 0 0 1 0 0 0 0 0 0 0 0 0 0 1 0 0 1 97 15 8 1 0.090981 0.331578947 0.555 33779 0 0 0 1 1 1 0 0 2 2 1 1 0 0 5 1 1 2 1 2 3 4 4 2 5 1 0 0 1 0 0 1 1 1 2 10 2.25 1.33 1 0 0 5
3 126 1 0 0 0 0 0 0 0 0 0 0 0 0 0 0 0 0 0 1 0 0 0 0 0 0 0 0 0 0 0 0 0 0 121 14 8 1 0.021857924 0.159776536 0.555 30183 0 0 0 2 2 1 0 0 0 2 0 0 0 0 25 0 1 1 1 1 5 5 5 1 4 0 0 0 0 0 0 1 2 1 2 4 1.25 1.67 1 0 0 2
4 126 0 0 0 0 0 0 0 0 0 0 0 0 0 0 0 0 0 0 0 0 0 0 0 0 0 0 0 0 0 0 0 0 0 92 13 7 1 0 0.35399449 0.555 36538 1 0 0 2 1 1 1 3 1 2 1 1 1 0 19 1 1 1 3 3 3 5 3 2 5 1 1 0 1 0 0 1 2 1 3 10 2.5 2.00 0 0 1 0
5 126 0 0 0 0 0 0 0 0 0 0 0 0 0 0 0 0 0 0 0 0 0 0 0 0 0 0 0 0 0 0 0 0 0 92 15 8 1 0.216836735 0.240760296 0.555 20332 0 0 0 1 1 2 1 0 3 3 0 0 0 0 28 3 1 2 2 2 4 5 4 2 4 0 1 1 0 0 0 2 2 2 2 10 2 2.00 1 0 1 0
6 126 0 0 0 0 0 0 0 0 0 0 0 0 0 0 0 0 0 0 0 0 0 0 0 0 0 0 0 0 0 0 0 0 0 98 13 7 1 0.090981 0 0.555 33779 6 0 0 3 2 1 1 1 0 1 1 0 98 0 10 0 2 1 2 2 4 4 4 1 4 0 0 1 0 0 0 1 3 2 5 5 3.25 3.33 0 0 1 0
7 126 0 0 0 1 0 0 0 0 0 0 1 0 0 0 1 0 1 0 1 0 0 0 0 0 0 0 0 0 0 1 1 1 1 96 13 8 0 0.034334764 0.482364156 0.555 46714 0 0 0 2 1 1 0 0 2 3 0 0 0 0 20 0 1 1 1 1 5 5 5 1 4 1 0 1 1 0 0 1 1 1 1 9 1 1.00 1 0 0 9
8 126 0 0 0 0 0 0 0 0 0 0 0 0 0 0 0 0 0 0 0 0 0 0 0 0 0 0 0 0 0 0 0 0 0 90 15 8 0 0 0.273381295 0.555 23777 1 3 0 1 1 1 1 0 1 2 1 1 2 0 5 1 1 2 1 2 3 5 5 2 4 1 0 0 1 0 0 1 1 2 2 4 2.75 1.67 1 0 0 0
9 126 0 0 0 1 0 0 0 1 0 0 0 0 0 1 0 0 0 0 1 0 0 0 0 1 0 0 1 0 0 1 0 1 1 82 14 8 0 0.822222222 0 0.555 5974 0 0 0 1 1 1 0 0 1 2 0 0 0 0 20 0 1 2 3 3 4 5 3 3 4 0 1 0 1 0 1 1 2 2 2 7 2.25 2.00 0 1 1 9
10 126 0 0 0 1 0 0 0 0 0 0 1 0 1 0 0 1 0 0 0 0 0 0 0 0 0 0 0 0 1 1 1 0 0 122 13 7 0 0.028806584 0.271153846 0.571 26500 0 0 0 1 1 3 0 0 0 2 0 0 0 0 35 2 2 4 3 3 2 4 3 1 2 1 0 1 1 0 1 1 2 2 2 4 1 2.00 1 0 0 7
11 126 0 0 0 1 0 0 0 0 0 0 1 0 0 0 0 0 0 0 1 0 0 0 0 0 0 0 0 0 0 0 0 0 0 103 12 7 0 0.021857924 0.159776536 0.555 30183 0 0 0 2 3 1 0 0 1 3 0 0 0 0 12 0 1 2 1 1 4 5 5 1 3 0 0 0 1 0 0 1 3 3 4 9 1 3.33 1 0 0 3
12 126 0 0 0 0 0 0 0 0 0 0 0 0 0 1 0 0 0 0 0 0 0 0 0 0 0 0 0 0 0 0 0 0 1 94 13 8 0 0 0.126262626 0.555 33779 0 0 0 1 1 1 1 1 1 2 0 0 0 0 7 2 2 3 3 3 4 5 3 2 3 0 0 1 1 0 0 1 1 1 2 7 2.25 1.33 1 0 1 2
13 126 0 0 0 0 0 0 0 0 0 0 0 0 0 0 0 0 0 0 1 0 1 0 1 0 0 1 1 0 0 0 0 0 0 87 14 8 1 0.321637427 0.065168539 0.555 14402 1 0 0 1 1 1 0 2 3 2 1 1 3 0 30 1 1 1 2 2 5 5 4 1 3 0 0 0 1 0 1 3 1 2 1 12 3 1.33 0 0 0 5
14 126 0 0 0 0 0 0 0 0 0 0 0 0 0 0 0 0 0 0 1 0 1 0 0 1 0 0 0 0 1 0 0 0 0 83 13 8 1 0.43236715 0.080717489 0.555 14167 0 0 0 1 1 1 1 0 3 2 1 1 0 0 18 1 1 1 3 3 4 5 3 1 5 1 1 0 0 0 0 1 2 1 2 8 2.75 1.67 0 1 0 4
15 126 0 0 0 1 0 0 0 0 0 0 0 0 0 0 0 0 1 1 0 0 0 0 0 0 0 0 0 0 1 0 0 0 0 90 13 7 0 0.021857924 0.159776536 0.555 30183 0 0 0 2 1 1 0 0 1 3 0 0 0 0 20 1 1 2 1 2 5 5 5 2 4 0 0 0 1 0 0 1 2 2 4 5 1.75 2.67 1 0 0 4
16 126 0 0 0 0 0 0 0 0 0 0 0 0 0 0 0 0 0 0 0 0 0 0 0 0 0 0 0 0 0 0 0 0 0 101 13 7 0 0.116504854 0.058943089 0.555 19290 0 0 0 4 5 2 0 1 0 0 0 0 0 0 10 1 2 1 3 3 3 5 3 2 5 0 0 0 1 0 1 4 2 1 1 3 1.75 1.33 1 0 0 0
17 126 0 0 0 1 0 0 0 0 0 0 1 0 0 0 0 0 0 1 1 0 1 0 0 1 0 0 1 0 1 0 0 0 0 95 14 8 1 0.062015504 0.24248927 0.555 31597 0 0 0 1 1 3 1 3 3 3 0 0 0 0 35 1 1 1 1 1 5 5 5 1 5 0 0 0 1 1 1 3 2 1 2 13 2.5 1.67 1 0 0 8
18 126 0 0 0 1 0 0 0 0 0 0 0 0 0 0 0 0 0 0 0 0 0 0 0 0 0 0 0 0 0 0 0 0 0 93 13 7 1 0.090981 0.102739726 0.555 33779 0 0 0 4 4 1 1 0 2 1 0 0 0 0 10 0 3 3 2 2 5 3 5 3 4 0 0 0 0 0 0 3 1 2 3 6 3.25 2.00 1 0 1 1
19 126 0 0 0 0 0 0 0 0 0 0 0 0 0 1 0 0 0 0 0 0 0 0 0 0 0 0 1 0 0 1 0 1 0 87 14 8 0 0.216836735 0.240760296 0.555 20332 1 0 0 1 1 1 1 1 0 2 1 0 1 0 7 2 1 1 4 3 3 5 4 2 2 1 0 1 1 0 0 1 2 2 2 8 2.5 2.00 0 0 1 4
20 126 0 0 0 0 0 0 0 0 0 0 0 0 0 0 0 0 0 1 1 0 1 0 0 0 0 0 0 0 1 0 0 1 0 104 13 7 1 0.062015504 0.24248927 0.555 31597 4 3 5 2 1 1 1 3 3 3 1 1 12 3 21 1 1 1 1 2 4 5 5 1 4 0 0 0 1 0 0 1 2 1 2 14 1.5 1.67 1 0 0 5
21 126 0 0 0 1 0 0 0 0 0 0 1 0 0 1 0 0 0 0 0 0 0 0 0 0 0 0 0 0 0 0 0 0 0 94 13 7 0 0.021857924 0.159776536 0.555 30183 0 0 0 2 1 1 1 0 1 3 0 0 0 0 35 1 1 2 3 3 4 5 3 2 3 1 1 1 0 0 1 1 2 2 3 7 2.25 2.33 0 1 0 3
22 126 0 0 0 1 0 0 0 0 0 0 0 0 1 0 0 0 1 1 0 0 1 0 0 0 0 1 0 0 0 1 0 1 1 108 13 8 1 0.021857924 0.159776536 0.555 30183 0 0 0 1 1 1 0 1 3 1 0 0 0 0 34 1 2 2 2 2 3 5 5 3 5 0 0 0 0 0 1 1 3 4 5 10 1.75 4.00 1 0 0 9
23 126 0 0 0 0 0 0 0 0 0 0 0 0 0 0 0 0 1 0 0 0 0 0 0 0 0 0 0 0 0 0 0 0 1 107 14 8 1 0 0.1003861 0.555 33779 1 1 1 3 2 1 1 0 1 3 1 1 8 0 10 1 1 1 3 3 4 5 3 2 4 1 1 1 1 0 1 1 2 2 1 7 1.25 1.67 0 1 1 2
24 126 0 0 0 0 0 0 0 0 0 0 0 0 0 0 0 0 0 0 1 0 0 0 0 0 0 0 0 0 0 0 0 0 0 103 14 8 1 0.321637427 0.065168539 0.555 14402 0 0 0 1 1 2 0 0 3 0 0 0 0 0 7 0 1 1 1 1 5 5 5 2 5 0 0 0 1 0 0 2 2 2 1 5 2 1.67 0 0 0 1
25 126 0 0 0 1 0 0 0 0 0 0 0 0 0 0 0 0 1 0 1 0 0 0 0 0 0 0 0 0 0 1 0 0 0 94 13 8 0 0.021857924 0.159776536 0.555 30183 0 0 0 3 1 2 0 0 3 3 0 0 0 0 35 0 2 2 1 1 4 5 5 2 4 1 0 0 1 0 0 2 2 2 2 9 2.25 2.00 1 0 0 4
26 126 0 0 0 0 0 0 0 0 0 0 0 0 0 0 0 0 0 0 1 0 1 0 1 0 0 1 1 0 0 1 0 0 0 104 14 8 1 0.494791667 0 0.555 15214 0 0 0 3 2 1 1 2 2 3 0 0 0 0 15 1 1 2 3 3 2 5 3 1 4 0 1 1 0 1 0 2 1 1 4 11 2.75 2.00 0 0 1 6
27 126 0 0 0 0 0 0 0 0 0 0 0 0 0 0 0 0 0 0 0 0 0 0 0 0 0 0 0 0 0 0 0 0 0 124 14 8 0 0.051813472 0.516339869 0.555 64290 0 0 0 1 1 1 0 0 3 2 0 0 0 0 9 2 1 2 1 2 4 5 5 2 5 0 1 0 0 1 0 1 1 1 1 10 1 1.00 1 0 0 0
28 126 0 0 0 0 0 0 0 0 0 0 0 0 0 0 0 0 0 0 0 0 1 0 0 0 0 0 0 0 0 0 0 0 0 82 14 7 1 0.145695364 0.142480211 0.555 29097 0 0 0 1 1 2 0 0 1 2 0 0 0 0 20 1 2 2 3 3 5 5 3 2 3 0 0 0 0 0 1 1 2 1 1 4 2 1.33 0 1 0 1
29 126 0 0 0 0 0 0 0 0 0 0 1 0 1 0 0 0 0 1 0 0 0 0 0 0 0 0 0 0 0 0 0 0 0 126 13 7 0 0.021857924 0.159776536 0.555 30183 0 0 0 3 1 1 1 1 2 1 0 0 0 0 3 0 1 3 2 3 3 5 5 1 4 1 1 1 1 0 1 1 3 2 3 7 1.5 2.67 1 0 0 3
30 126 0 0 0 0 0 0 0 0 0 0 1 0 0 0 0 0 0 0 0 0 0 0 0 0 0 0 0 0 0 0 1 0 0 86 14 7 0 0.494791667 0 0.555 15214 0 0 0 1 1 1 0 1 2 3 0 0 0 0 40 2 1 2 3 3 2 5 3 1 3 1 1 1 1 0 1 1 2 1 4 7 2.25 2.33 1 0 0 2
31 126 0 0 0 1 0 0 0 0 0 0 1 0 1 0 0 0 0 1 0 0 1 0 1 0 0 0 0 0 1 1 0 0 0 84 14 7 1 0 0.128272251 0.555 24531 0 0 0 2 1 1 0 3 2 3 0 0 0 0 10 0 1 1 1 1 5 5 5 1 5 1 1 1 1 0 1 1 2 1 2 12 3 1.67 0 0 1 8
32 126 0 0 0 1 0 0 0 0 0 0 1 0 0 0 0 0 0 0 1 0 0 0 0 0 0 0 0 0 0 0 0 0 0 94 13 7 0 0.231527094 0.146953405 0.555 20078 0 0 0 6 1 2 0 1 1 2 0 0 0 0 24 0 1 1 2 2 3 5 5 1 4 0 0 0 1 1 1 2 3 2 3 7 1.5 2.67 0 1 0 3
33 126 0 0 0 0 0 0 0 0 0 0 0 0 0 0 0 0 0 0 0 0 0 0 0 0 0 0 0 0 0 0 0 0 0 82 14 7 1 0.265306122 0.3 0.555 20000 0 0 0 1 1 1 0 2 3 2 0 0 0 0 5 2 1 1 2 1 1 5 5 1 2 1 1 0 1 0 0 1 2 1 2 8 3 1.67 0 0 1 0
34 126 0 0 0 1 0 0 0 1 0 0 0 0 0 0 0 0 1 0 0 0 1 0 0 0 0 1 0 0 0 0 0 0 1 106 13 8 1 0.021857924 0.159776536 0.555 30183 0 0 0 1 1 1 1 0 2 1 0 0 0 0 30 2 1 1 3 3 5 5 3 1 5 1 0 0 1 0 1 1 1 1 2 7 1.75 1.33 1 0 0 6
35 126 0 0 0 1 0 0 0 0 0 0 0 0 0 0 0 0 1 0 1 0 0 0 0 0 0 1 0 0 0 1 0 1 1 85 13 7 0 0.062015504 0.24248927 0.555 31597 0 0 0 1 1 2 0 0 2 2 0 0 0 0 7 0 1 3 2 3 4 5 5 1 5 0 1 0 1 0 0 1 1 1 2 7 1.5 1.33 1 0 1 7
36 126 0 0 0 0 0 0 0 0 0 0 0 0 0 0 0 0 0 0 0 0 0 0 0 0 0 0 0 0 0 0 0 0 0 95 14 8 0 0 0.516551193 0.555 46776 0 0 0 2 1 1 0 1 1 2 0 0 0 0 3 1 3 2 1 1 3 5 4 2 4 1 0 0 1 0 0 1 1 1 1 5 1 1.00 1 0 0 0
37 126 0 0 0 1 0 0 0 0 0 0 1 0 0 0 0 0 0 0 1 0 0 0 0 0 0 1 0 0 0 0 0 0 0 102 13 7 0 0.021857924 0.159776536 0.555 30183 0 0 0 1 1 1 0 1 2 3 0 0 0 0 21 0 1 1 1 1 4 5 5 1 5 1 1 1 1 1 1 2 1 1 1 11 1.75 1.00 1 0 0 4
38 126 0 0 0 0 0 0 0 0 0 0 0 0 0 1 0 0 0 0 0 0 0 0 0 0 0 1 0 0 0 0 0 0 0 105 14 8 0 0.082568807 0.064638783 0.555 33779 1 1 1 2 1 1 1 0 1 3 1 1 2 1 35 1 4 4 2 2 3 4 4 2 2 0 0 1 1 0 1 1 2 4 4 7 3 3.33 0 0 1 2
39 126 0 0 0 1 0 0 0 0 0 0 0 0 0 0 1 0 1 0 1 0 0 0 0 0 0 0 0 0 0 1 0 0 1 118 13 8 0 0 0.35399449 0.555 36538 0 0 0 2 1 1 0 0 0 3 0 0 0 0 21 1 1 1 3 3 5 5 3 1 5 0 1 0 1 0 0 1 2 1 1 7 2.75 1.33 1 0 0 6
40 126 0 0 0 1 1 1 0 0 0 0 0 0 0 1 0 0 0 0 0 0 0 0 0 1 1 0 0 0 0 0 0 0 1 82 12 7 0 0.43236715 0.080717489 0.555 14167 0 0 0 1 1 2 1 0 1 2 0 0 0 0 24 1 1 1 3 3 4 5 3 2 5 0 0 0 1 1 0 1 3 2 3 6 2.5 2.67 0 0 1 7
41 126 0 0 0 0 0 0 0 0 0 0 0 0 0 0 0 0 0 0 0 0 0 0 0 0 0 0 0 0 0 0 0 0 0 129 13 7 1 0.021857924 0.159776536 0.555 30183 6 6 6 2 1 1 1 3 3 3 1 1 99 4 30 0 1 2 1 1 5 5 5 2 5 1 1 0 1 0 1 1 1 1 1 15 1 1.00 1 0 0 0
42 126 0 0 0 0 0 0 0 0 0 0 1 0 0 0 0 0 0 0 0 0 0 0 0 0 0 0 1 0 0 0 0 0 0 91 13 7 0 0.299516908 0.081967213 0.555 18311 0 0 0 2 2 1 0 0 0 2 0 0 0 0 9 1 2 1 2 2 4 5 5 2 5 0 0 0 1 0 1 1 2 1 1 4 1.75 1.33 0 1 0 2
