DL
NR=19, NC=24
FORMAT = FULLMATRIX DIAGONAL PRESENT
COLUMN LABELS:
"ID"
"Class"
"AH_PVT"
"Age"
"Grade"
"Male"
"PovertyPct"
"CollegePct"
"MedianIncome"
"W1AnyAlcohol"
"W1DrinkFrq"
"W1NumDrinks"
"W2NumDrinks"
"ParentDrinkFrq"
"ParDrinkFive"
"ReligionImportance"
"Tobacco"
"Cycling"
"Sports"
"Hangout"
"White"
"Black"
"Hispanic"
"Clubs"
DATA:
1 115 105 13 7 0 0.063559322 0.208416834 29844 0 0 0 1 2 1 1 0 0 2 2 1 0 0 1
2 115 110 14 8 0 0.13368984 0.111111111 20417 0 0 0 1 1 1 2 0 1 1 1 1 0 0 1
3 115 124 14 8 0 0.142857143 0.175066313 15885 1 1 1 4 3 2 1 1 2 2 2 1 0 0 9
4 115 102 15 8 1 0.063559322 0.208416834 29844 1 0 0 0 1 1 2 0 0 2 3 1 0 0 2
5 115 95 13 7 0 0.063559322 0.208416834 29844 1 0 0 8 1 1 2 0 1 2 3 1 0 0 1
6 115 91 13 7 0 0.063559322 0.208416834 29844 1 3 35 0 2 1 1 1 2 3 3 1 0 0 1
7 115 107 13 7 0 0.063559322 0.208416834 29844 0 0 0 2 2 1 4 1 1 0 2 1 0 0 3
8 115 97 14 8 1 0.063559322 0.208416834 29844 0 0 0 0 2 1 2 0 2 1 3 1 0 0 2
9 115 108 13 7 1 0.063559322 0.208416834 29844 1 2 1 2 2 1 2 1 2 2 3 1 0 0 2
10 115 98 14 8 0 0.043165468 0.095541401 33779.15 0 0 0 1 1 1 1 1 3 3 1 1 0 0 4
11 115 128 12 7 1 0.043165468 0.095541401 33779.15 0 0 0 0 1 1 2 1 1 1 0 1 0 0 1
12 115 112 14 8 0 0.063559322 0.208416834 29844 0 0 0 0 2 1 2 0 1 3 2 1 0 0 3
13 115 112 13 8 0 0.063559322 0.208416834 29844 0 0 0 0 2 2 1 0 1 2 3 1 0 0 6
14 115 96 13 8 0 0.063559322 0.208416834 29844 0 0 0 0 1 1 1 0 1 1 3 1 0 0 4
15 115 97 14 8 1 0.043165468 0.095541401 33779.15 1 0 0 2 3 1 2 0 1 3 1 1 0 0 3
16 115 108 13 7 1 0.063559322 0.208416834 29844 0 0 0 0 1 1 2 1 0 2 1 1 0 0 3
17 115 112 14 8 0 0.063559322 0.208416834 29844 0 0 0 0 2 1 2 0 0 0 3 1 0 0 4
18 115 107 13 7 1 0.063559322 0.208416834 29844 1 1 1 0 2 1 2 1 3 0 3 1 0 0 3
19 115 106 14 8 1 0.063559322 0.208416834 29844 0 0 0 0 3 1 1 0 0 1 1 1 0 0 3